[Paper0]
Name=se7en
DisplayName=se7en
Width=215.89999389648438
Height=279.39999389648438
MarginTop=6.3499999999999996
MarginBottom=25.399999999999999
MarginLeft=6.3499999999999996
MarginRight=6.3499999999999996
Orientation=portrait
